18.180203434677452
18.312905857260372
18.364274889073293
18.20644528762522
18.417444923476587
18.305235190224764
18.242859205401555
18.32237273092795
18.274290528779655
18.27998568383449
18.42496295616483
18.24235964047663
18.318299059889856
18.279904899719213
18.288971879797035
18.284203198624756
18.275377683726695
18.177131251101773
18.334135219642754
18.156576888159197
18.33179180987266
18.313126890483282
18.259557803978733
18.340852457969888
18.25909412405977
18.044928959858282
18.362793921358573
18.220617843888874
18.176885274259707
18.17900336703583
18.192882273226363
18.203575946069463
18.36611377535312
18.165393079961362
18.188811966939134
18.040132545822388
18.146780292512393
18.30479031530459
18.34345134254282
18.17201151701872
18.27008158030088
18.15592105440561
18.158892816141385
18.28647408416195
18.241004868514473
18.056191484719438
18.15359338901195
18.307583043449167
18.239109316675684
18.327384358173717
18.375881719309334
18.43559339146867
18.24857722537827
18.202690998076296
18.31951574861546
18.29789823990595
18.189593948334952
18.128164632342926
18.247506514976777
18.292370383038502
18.261946390491463
18.286932053757738
18.311384052673592
18.2695624045143
18.263057042273257
18.276262602348808
18.33054380696285
18.235011680191995
18.16763018940739
18.287554247727385
18.365768774543913
18.361161574647607
18.457121949534326
18.384952374570023
18.253653851523772
18.1916059489923
18.300719192987927
18.20072568483269
18.243239975218703
18.25881927918656
18.226799728602238
18.188372284610583
18.262580514763094
18.23570603918384
18.15293897691956
18.298706274633947
18.244790391252515
18.420371284024995
18.328266926738163
18.319408254056043
18.39810138096422
18.277932343393203
18.24537092206678
18.361215007374657
18.291334819377955
18.185106337775697
18.358524078219947
18.328110666249703
18.205867740357448
18.154414213841548
18.168567004783853
18.316607450045897
18.310438442630993
18.248183940538468
18.36185959807018
18.39619560964096
18.30061280186739
18.32061837056207
18.44592879959523
18.44203754126351
18.47704358788921
18.350781888985463
18.48984273286929
18.455658350434497
18.42501387683194
18.545294843336595
18.45286954433445
18.44655110152143
18.381447511884442
18.3379110982515
18.40016749555122
18.37238375064523
18.506202048748133
18.48047641094585
18.408543704224588
18.399673720884696
18.348719010984837
18.508882798892515
18.392270601073307
18.37412257549681
18.514990655973335
18.512465246395667
18.499096310221553
18.318085083201854
18.368960481061002
18.343178832385913
18.433875630580115
18.42048344853651
18.448687234087057
18.344565769229554
18.379454376872204
18.40476788609265
18.584872162420588
18.40635576353828
18.520051652439406
18.491846658683187
18.412128231378666
18.441049372894696
18.393066110698644
18.47708839355553
18.501856810398554
18.50672925041117
18.39852645181084
18.402643598601998
18.376447368400154
18.487412863029206
18.25382418405231
18.29925611041258
18.37780431115473
18.384276184629762
18.587671826018315
18.420238889518696
18.386607725998005
18.421757295858818
18.485991429918087
18.52517697162857
18.525113012524233
18.343004156222595
18.477683205985656
18.36210956918613
18.350425357197622
18.414592510472676
18.37117177149408
18.529619049406598
18.503664107239665
18.34230755141661
18.348111230424145
18.440218716265058
18.49295981354164
18.591202596687754
18.57861527368138
18.245411713364565
18.344381900591987
18.34745248893554
18.410275644888664
18.488536681408128
18.552435014137338
18.32245439810849
18.549315623579567
18.417077666596597
18.424294586220334
18.326329223886777
18.484365916804602
18.372861908529202
18.522624330214413
18.3166561044441
18.50969971364367
18.396366196783454
18.188959113214622
18.25034647572774
18.211112668861787
18.27907791296593
18.3454790985195
18.270959948987286
18.157473714498163
18.22007397456571
18.30109758105595
18.234504833385085
18.153004981346747
18.226339733467228
18.24038307984729
18.260393810719737
18.19315131050944
18.396714544127757
18.39180771107454
18.377006408958334
18.230625166976594
18.32605683837095
18.266950211645018
18.204323034795156
18.24714481299616
18.200307262699937
18.17885351124023
18.115353774370107
18.393035350926493
18.44142600078922
18.31087459145745
18.234731572935775
18.168509281370753
18.142616152829824
18.22138905625145
18.161831863228578
18.177684867831843
18.28012432814472
18.348656185110205
18.267409159517563
18.262985622718126
18.2260661725121
18.428265571163113
18.18928229376225
18.300961876670147
18.2836379818195
18.34205245841135
18.25338309387329
18.1138979333418
18.128993077945616
18.04382600547495
18.141529534885006
18.311212816749077
18.224980368701598
18.249495888662178
18.289123905962818
18.302512858547765
18.148122612177094
18.135277683680787
18.359386923716915
18.454260461234664
18.41145954065696
18.29488377008248
18.281032755246496
18.232700185009566
18.257096826709375
18.345974887030348
18.274587114493787
18.266426513968213
18.438501482621227
18.358828970252738
18.29498118608094
18.298823297702665
18.319033306844364
18.321377113607465
18.347625198301554
18.291500688037328
18.38736788124006
18.223115674897617
18.211444217060997
18.236029425205647
18.23760008279459
18.301108367148544
18.249064200410213
18.306341833631826
18.397424571356446
18.347573377097312
18.129531488740053
18.39486021027258
18.39949408253318
18.317327319297053
18.2828678007727
18.336698485414637
18.438647770914315
18.476284821543153
18.518270690764002
18.427540119290644
18.389424629387864
18.303226094798976
18.434769530722747
18.340582081546007
18.389431715301317
18.20483477138635
18.202008650967
18.260155633764693
18.23801969352886
18.120780854485457
18.232542221076752
18.273196745744826
18.20854040099835
18.280163530849926
18.30326199058058
18.32474321942167
18.34320198350774
18.2752539769105
18.430266432653955
18.525745747331364
18.53843341086256
18.486145951506852
18.579758262981166
18.360064815185442
18.441160782717077
18.43077551592105
18.314013331595962
18.47041177135566
18.297695716360913
18.40244337549877
18.25010166999649
18.14321599942863
18.156466563958247
18.211077806603253
18.241350807432
18.377980733294947
18.2602119669537
18.188582703268878
18.28491011823178
18.442612414619553
18.341064029920556
18.235722187135526
18.432652973904638
18.47934271572087
18.418010325181857
18.335704989297188
18.380216182835245
18.313266299495204
18.34158844403552
18.388596539954825
18.53703871703939
18.340954875247895
18.363643444126197
18.33354636808118
18.205017141544513
18.359245926551427
18.21197679834023
18.31245994660677
18.370809429017697
18.379556807859064
18.30951528993637
18.226966151671597
18.407958599415554
18.392655344197554
18.43391062994279
18.341977329857833
18.328688993876767
18.364749579425443
18.34198471076668
18.383161083429602
18.375568685865026
18.435133224973626
18.31324847286693
18.277799755088168
18.226612241045466
18.184734275725848
18.275046841850102
18.20870177759552
18.255176230408317
18.352708734964175
18.235415768078155
18.286620016992828
18.368540027439472
18.450211974894106
18.25877852706374
18.29898870418756
18.303724170779518
18.291855659759186
18.3828878938722
18.330592630074833
18.296164633165006
18.258523337097905
18.270440503429946
18.30262146764645
18.260610630799217
18.18196722064433
18.17619710338207
18.27626061718346
18.429391871360956
18.451359894774733
18.237500817898116
18.241047449054943
18.35243795692982
18.23530292819825
18.327522113306372
18.277557680923266
18.19438906396955
18.33665368126283
18.232707398910787
18.19317009230501
18.326689884609358
18.22294932807411
18.347510240740032
18.304558958414148
18.33918226616142
18.31070364289525
18.537559584193875
18.383917989362455
18.35219925913001
18.292073661618023
18.456688804596098
18.490088675473366
18.17399973237157
18.208424669007496
18.116397352028223
18.256441504410173
18.199991819484417
18.260718079998224
18.154534462182315
18.341136946525904
18.26072197453038
18.27751273784558
18.29951752060768
18.297167017456946
18.209766725957113
18.11366206266354
18.331246059882126
18.229416502081342
18.29027533707616
18.277448354537487
18.309794577950488
18.262725862455344
18.294715162253265
18.259303776721712
18.287337114837204
18.416083740864053
18.463787893274095
18.367308054692053
18.452029939016196
18.507813022054666
18.451712316025432
18.340867090130228
18.480871611120524
18.45809580279999
18.48764856296217
18.5401873613265
18.680807483146957
18.662456008194894
18.637580508412668
18.58565295155905
18.71866036179795
18.73262503021856
18.626094957418957
18.674249484082218
18.61553649940388
18.738168450545476
18.524377099670975
18.504439310370305
18.4563583063338
18.53843452324138
18.574868616972143
18.502458013906413
18.329595456630248
18.39462922784406
18.452526298520546
18.403261676071214
18.565355153112286
18.38963145713965
18.526592427575146
18.51613727284641
18.595754414915497
18.653791823478397
18.711168558766936
18.515168242285625
18.700586381759937
18.69129004443879
18.67503130757188
18.710552326833852
18.652116090636277
18.669816508760228
18.597943688514523
18.692453447301286
18.787512580601575
18.67021595821493
18.6541181179082
18.632519131161942
18.543416009567224
18.63594127605459
18.55629674155924
18.704460769839038
18.52188223123546
18.63832774815518
18.758589277499283
18.6188009398151
18.67172444785345
18.753347931125447
18.615340402775104
18.568531261913062
18.60450008571841
18.550926572521522
18.637807390780818
18.70325541515309
18.43902336443589
18.401731109739902
18.627856883847926
18.566174156475633
18.552638412755655
18.491887294907013
18.4708445643807
18.451426438380956
18.550108950569197
18.414956987177266
18.39973683916548
18.521143196317187
18.49619120478608
18.448357749604725
18.633363313421373
18.520247567772934
18.360534147295596
18.440514175805212
18.642146288111643
18.655334313741303
18.52928931740231
18.694866532781838
18.681679081962198
18.63640492564663
18.57339719671982
18.60020264775519
18.585546911251726
18.539883069123604
18.64672314399873
18.438645765789904
18.431059738299886
18.468654238866048
18.29360736018054
18.44287056993179
18.419447304250745
18.60675553907553
18.424136094030633
18.3558293047391
18.461464359500756
18.441642950073536
18.379789341622967
18.402346422061385
18.418229717532334
18.393100281822967
18.55888650535335
18.40893949955814
18.462060945960843
18.38324518431743
18.39289439614167
18.36738462851425
18.227796194089613
18.337579429947994
18.340884877865506
18.359369462457142
18.28699187604915
18.291164861906452
18.361347891138642
18.288206204040648
18.283818918120623
18.406491901671
18.285047743245336
18.284178692960396
18.387756602225306
18.364320886791656
18.427232554953672
18.41957932188958
18.451004588981704
18.430605975171723
18.452442739745685
18.431984062018568
18.473817646029268
18.387932101042253
18.406574400719254
18.30983907988354
18.270824003646094
18.532980380227695
18.502935332289457
18.563935691083493
18.597078759518038
18.417512064993595
18.508743942806923
18.386959044043433
18.33997369258785
18.37250461734492
18.327140755725875
18.179851617608794
18.282472419334574
18.289260542008048
18.35258458440405
18.243891449950212
18.336509966389457
18.553696767262608
18.342147892797392
18.31815976551753
18.295685989964024
18.306748749092787
18.359645903375142
18.21184577138942
18.192680907738453
18.447645439175965
18.321437142190717
18.41574645582272
18.474904465837476
18.36682766382619
18.501737020109648
18.353794513938965
18.493556877025174
18.40034658512872
18.592891852797756
18.720966739708377
18.582303950220968
18.507451338181895
18.55222661444255
18.777775774094284
18.727172246862875
18.54627808137
18.529323688854763
18.590598652747442
18.35393388881267
18.46689484086322
18.422621565400338
18.456116744814455
18.60479149646759
18.713072266050606
18.69224582903576
18.52696300657746
18.587857372179837
18.449862460694135
18.384486871938847
18.371907881744832
18.46493628445048
18.567300908554277
18.632795830287712
18.648067792913718
18.47564853512993
18.474176908832206
18.489387910154782
18.571017550842683
18.577907157368262
18.593669406781007
18.78902112673043
18.598854393851862
18.79899476695627
18.556272230406435
18.473498970892056
18.520086565623483
18.33457944907475
18.534810966386743
18.523410679553635
18.49284910836606
18.659072107730633
18.551188814934594
18.46024101701219
18.518134507376146
18.68999045039166
18.498737905291197
18.491121583091108
18.38430736768564
18.44797895543127
18.48742409194844
18.57745795839143
18.429001598729045
18.506940142373878
18.660585013697297
18.673053733157385
18.58452136712667
18.648479752328818
18.66496943074425
18.62445966441225
18.718470656323426
18.63771198277268
18.500024566149744
18.672742025041824
18.4412809504265
18.545122636897478
18.47807199677072
18.535000092020162
18.616355858649055
18.738245055700197
18.580547496002286
18.64279830829325
18.65453357764307
18.635051299919276
18.736780235843497
18.736189610770865
18.53989300587149
18.70361727356437
18.602291327946016
18.55838983726614
18.61138947785962
18.5174545264702
18.544052769732527
18.502715392610096
18.47002342101004
18.499841721909252
18.495661937457903
18.453928827456167
18.476107606649194
18.54054596857029
18.655783359687973
18.549104125029253
18.62991066889345
18.554090628909663
18.610153801456647
18.55468893155524
18.62959881260159
18.520631188754088
18.517772476489704
18.526860906012438
18.614864757829636
18.489109783220446
18.45062944370981
18.52357300045716
18.550293967475273
18.59071143732151
18.63505544381325
18.573434795261782
18.579398125172077
18.616385116199407
18.44024741500033
18.605024659997355
18.515593123793707
18.486169602826635
18.623792545468653
18.520122717379255
18.63888451338539
18.533979342223414
18.649773306023693
18.534034824260257
18.47850737740277
18.572556828662155
18.593294089770012
18.593572479377976
18.620809396123278
18.680417717789602
18.53578329938146
18.59227963860352
18.519986789408208
18.431133301526717
18.44579594859922
18.446957253024177
18.54292170581054
18.589442843702127
18.67406688207906
18.6177607009883
18.592550244677042
18.530011157011003
18.836570655943678
18.712320059294495
18.603680001050616
18.4208630481668
18.650881030988856
18.472874476219605
18.37330076843078
18.551213982559414
18.37718683393295
18.52915674701417
18.5229974879854
18.51705413265144
18.598791645464214
18.460724080135602
18.55068785408118
18.44939372151322
18.401806507718394
18.479537153903248
18.461087245429354
18.363907320452117
18.42401187373214
18.448931196741736
18.322990151053684
18.35046803695891
18.335011030093405
18.25258658811744
18.330526606728622
18.277573620690326
18.38586070261184
18.376460510868633
18.2469610461451
18.234898115021466
18.17147970366395
18.25874716467417
18.5337411798094
18.562123900380175
18.468195662376374
18.472368509620683
18.448737429609267
18.345996256474212
18.425647470881604
18.23438347023135
18.34400748785764
18.386622315221267
18.37595418359551
18.45178972090525
18.46468564315722
18.403845229094454
18.469049551569448
18.409500619468556
18.426426033533932
18.544309443205243
18.302104669824978
18.28514340823361
18.278267221492122
18.27240673812223
18.364946945419124
18.418503947187443
18.39457561452875
18.222770630701763
18.262342776684502
18.455645266071162
18.329368079393625
18.252374212391725
18.278432759600346
18.2428223124222
18.197595975524994
18.30358180921726
18.35711448711511
18.33018934036444
18.32747573875493
18.43028982312977
18.4650077091003
18.514496057309696
18.46380650509292
18.503912016821463
18.364131952397013
18.474194511038256
18.549484250514556
18.453064748212224
18.56861581778177
18.50614667161206
18.406439923222514
18.452588970522527
18.477983339965405
18.322577248054706
18.40382351865355
18.437277513356882
18.403939355034883
18.291989115440316
18.39233412727375
18.432446981328674
18.48812507633252
18.30906259098799
18.370851089098146
18.358664298858734
18.410161984299414
18.456231434883367
18.33379649888551
18.415297227987242
18.41461877715671
18.532276972716645
18.45076392899109
18.470973563081156
18.56266474498246
18.438145626569344
18.55238417011007
18.495816611065514
18.38023628219108
18.489489918725493
18.502262689273213
18.56159457924565
18.472411297242058
18.419451739590183
18.408719013638134
18.2770281658652
18.375072880688343
18.29351121923564
18.40786840591881
18.286374974702184
18.439610738743042
18.376120193879842
18.44966628811291
18.351906250176025
18.35797774840525
18.328499639372684
18.31072505584844
18.244403859114232
18.59923913865582
18.522575165070986
18.562694367254988
18.4174033978458
18.34779631304338
18.553384081441948
18.67010052680077
18.433210019137228
18.476569795666986
18.568557280543597
18.68120162981695
18.656939495690317
18.48315342389013
18.47816834430202
18.359776570824845
18.458325990198382
18.45306423020045
18.238671196672794
18.277382235609064
18.399307317789138
18.35629958473732
18.38286320391035
18.45025756147458
18.44423056735362
18.512400327995774
18.664549272902995
18.507772535635954
18.49721792441089
18.375182209390097
18.530622615566212
18.70471584947639
18.739123445078942
18.924349649349956
18.560442560933446
18.682737713581997
18.6183608550476
18.374353803392157
18.460671146258772
18.60711860750892
18.683411307971696
18.69176883846418
18.68348763083895
18.669585047275056
18.67144224491966
18.664520872753233
18.57782359645953
18.607498330063258
18.849072061774127
18.728946049164183
18.762848070514277
18.628333935941615
18.72899464261233
18.79987257599808
18.71716599877491
18.74143007497338
18.81329321480134
18.57497013519911
18.723043618212284
18.719637647058097
18.564219192365886
18.600379220572098
18.46474253389983
18.67702781757758
18.710780338701
18.6592721722957
18.559743415985334
18.67167581766009
18.58388806147727
18.62883272422101
18.84927004826394
18.787264620259133
18.79026719282713
18.74766929006573
18.6761204108575
18.598800409199637
18.47710780668909
18.62971116455194
18.54643152386876
18.433438808717696
18.415921939217046
18.282434324041272
18.200962766808505
18.151997814869812
18.261243112861163
18.291410941522624
18.39367947063148
18.390119739250338
18.373333341130312
18.358972927770065
18.382259456642355
18.403622417092528
18.370931567654253
18.255466303733435
18.32969688646832
18.308051200735402
18.254198012209574
18.35279917436061
18.38429971279694
18.306579694171035
18.339958570016716
18.347530047964707
18.35574130002256
18.305730884393338
18.24649500507063
18.338455310379132
18.34131086276008
18.42040613120433
18.468320107067882
18.42855758428682
18.365150922827507
18.51134191253678
18.48472345316694
18.578669362811354
18.647775813420452
18.511274470934403
18.559993765432043
18.640011308194143
18.56147434714842
18.554063973834815
18.656243346804654
18.610258274099813
18.656595816931922
18.613624434102046
18.52180571372213
18.60931276998396
18.626930626761293
18.558653438681564
18.496329838392548
18.469952193427435
18.519843368052502
18.57393180944881
18.658517611367515
18.69643533563505
18.52331420776277
18.486351860924692
18.576559636744697
18.441712052691425
18.58175178783409
18.518966311163187
18.515251903919975
18.68235231189167
18.706339887804116
18.642346911860365
18.655349280532622
18.679495857387163
18.479941917179815
18.566845081490953
18.532420601008116
18.567553630507774
18.533410278215662
18.47191581780222
18.723966180920012
18.543688536748927
18.471121679486625
18.557106909089054
18.53974045682267
18.687155846100044
18.72508273235589
18.66963957535041
18.763926278745714
18.736010723314017
18.64253548536231
18.69560235260919
18.752724931266197
18.62095693315095
18.777403370340007
18.855663669986516
18.77877987437762
18.79814368080226
18.785960476963474
18.810229981180022
18.779165009426443
18.835269195181738
18.832141449216675
18.827417626797136
18.62072456343276
18.647320038274536
18.676033352307584
18.72554021242657
18.66058861474673
18.814916859599062
18.679041951641565
18.806526503740706
18.858999713597306
18.668480069507197
18.760852560202373
18.873044240461336
18.74846173631116
18.844730945128482
18.751332579126643
18.818110578989856
18.737521928154557
18.762225348998406
18.745256627302886
18.6490237869193
18.540102264390768
18.695035132685163
18.63059859806148
18.655102577879216
18.640647699988957
18.617072649030526
18.596640735853242
18.374796268246108
18.484936683732517
18.586171805639548
18.5702997633186
18.54577442314425
18.43178227263388
18.580248008903588
18.45845603534146
18.459301313299452
18.607110715315137
18.612191492209288
18.33827297802842
18.36272799935212
18.498823295030327
18.398562831625064
18.384327175774906
18.61687210306077
18.617066260762936
18.520570431893464
18.61387814063564
18.47869184530128
18.29820634618014
18.29741993876366
18.37615406615932
18.405621425948965
18.379264732681534
18.399026449089227
18.40171379344032
18.42340964553331
18.303985100894295
18.3654460855197
18.596693817291357
18.458860810524083
18.517582730088115
18.447610134973
18.538173555238874
18.678046468850674
18.695065028397234
18.535316880865437
18.538984093102897
18.605312851873844
18.636383977585027
18.594112510922333
18.7665049341457
18.78865413767614
18.61213445606341
18.4301092501863
18.50730173273132
18.580048441537173
18.654656390487705
18.578132923680137
18.593564757396546
18.598420295857974
18.718999110056387
18.780161059935583
18.68525641458943
18.606546743182083
18.659532004257233
18.534314388906882
18.475784898355336
18.380051554973406
18.53881486911397
18.349323321449933
18.45011142779387
18.52441013463332
18.33132494609088
18.307419622143836
18.55961151791123
18.461423347861487
18.5878985806801
18.572128086420758
18.52477350553912
18.448682085782668
18.46376347797722
18.55047231846426
18.60638030167892
18.62114342985439
18.658496159320638
18.65607080382755
18.743070060641358
18.619688926479427
18.473197445005937
18.66603460447225
18.545485004215596
18.5063498561899
18.58245745590647
18.698956159005554
18.662489386080434
18.65957113265147
18.58012629266023
18.48531296734485
18.46938238563157
18.49876165146671
18.361834720444016
18.471926599865863
18.390916757791572
18.38095990479886
18.288715491296355
18.37484529435027
18.408879941211037
18.46359771679061
18.372813540306822
18.57300953029389
18.482730008396207
18.412711599309915
18.41267120234435
18.57703205033741
18.554104055466446
18.556126118379527
18.54721969723928
18.492197533699297
18.465420481716535
18.476403873621187
18.50434164651488
18.384956687955622
18.331398507874194
18.310474893724564
18.345731232349383
18.24283787147074
18.31509408227176
18.17182204773552
18.18187758788516
18.267161910468953
18.191980300282033
18.192165512847694
18.331921573873846
18.309469436082757
18.29734922286076
18.429908168450112
18.286951755782415
18.32540075092875
18.283713989824726
18.356994232521266
18.240542673763933
18.289267548176372
18.216165536749514
18.48002647066088
18.40849226764807
18.33769959024928
18.397941913400523
18.452084083447886
18.417501452988137
18.477661580181717
18.373643034619707
18.437974925732178
18.49296548646043
18.454136337153155
18.51752031929153
18.515747317147223
18.44343117399181
18.510014432330216
18.471093686265274
18.320209670592487
18.378464593919322
18.584763212855925
18.465831110734136
18.558565489908293
18.500793403926465
18.612573222365086
18.64803410695408
18.489079030900434
18.42020184132626
18.51143779726464
18.48969242249774
18.429753176582533
18.481514783783048
18.44382980818542
18.45279875986998
18.41907847045496
18.545509137340282
18.518612170354647
18.506320825950308
18.524692964727777
18.442356612505765
18.504769689137
18.480829314082026
18.403351681894723
18.560589249670336
18.56731184709677
18.648414329492333
18.724547982240182
18.508467379346232
18.65740699994732
18.67651613940908
18.672920953138494
18.68744257107089
18.619402376215145
18.707055790930813
18.605467566460007
18.614788641037
18.65674945949713
18.668423888646497
18.582950078035527
18.645722166497507
18.597218360457056
18.459244959131254
18.648472217503993
18.57330708533374
18.726291710226253
18.729990664525896
18.611203401343786
18.470152330010027
18.606226274255583
18.725215480931745
18.85195416798425
18.714166066718445
18.71398283927481
18.71584457422675
18.884880471692867
18.698057661578478
18.692539535641167
18.668569163293284
18.78287233631925
18.709785109553252
18.689089804855676
18.493397051752183
18.607346522823047
18.422627649833643
18.552913199747017
18.562176861096663
18.511462986707013
18.45257420043764
18.55446694521969
18.631279733574026
18.704912294590216
18.664099997682122
18.622386625152608
18.778943627024503
18.616733167169468
18.60622987739862
18.7244154785497
18.612439478542267
18.659390054402927
18.501718044916853
18.40820019383877
18.452050362351745
18.40948664999166
18.580545267130628
18.22542045451796
18.308295793513672
18.414276697997412
18.34892802505151
18.251860493113753
18.35355520308918
18.56241218664938
18.466073983770496
18.443104509621833
18.452570524756208
18.609493047128677
18.432279167758235
18.476981452915883
18.34999164927341
18.519413495277554
18.463240812322056
18.53284205643096
18.409884197743562
18.39477315074023
18.30728383182395
18.301144100436897
18.38355143869043
18.24519591926227
18.371685141310227
18.447388046137046
18.398832653196557
18.648843236298905
18.582043029040616
18.488601178522675
18.51444673379491
18.545141110450007
18.437204497345935
18.29035124922651
18.319127780473814
18.483435606600885
18.686338040559836
18.608957599083595
18.611499741858886
18.555281072635836
18.528237823901698
18.478126626323682
18.45826774559
18.345195261696375
18.25414593686231
18.396776349360906
18.261179623510106
18.39681747001343
18.30516279291551
18.34619847718117
18.298900087040998
18.292099239710932
18.133785366051164
18.243276468878552
18.141401331564374
18.23525942696552
18.12112847030006
18.198414611044903
18.3805256072062
18.14418309154923
18.220361899749324
18.248366432727426
18.290629798873045
18.387995211240405
18.278100987851122
18.320426122141573
18.350950413227007
18.36697220489613
18.292428636325866
18.242766393709513
18.102299036067716
18.17828107987889
18.243413368463024
18.335576919627513
18.2241307004761
18.182068481751056
18.272198421388133
18.377318364627797
18.303014692462362
18.229339934074048
18.432017377050244
18.322787729981687
18.278666701329527
18.244079859324035
18.361053682633262
18.32190325570293
18.33966469412095
18.436307058283695
18.456931916995416
18.33680480206729
18.459336244615702
18.193472361080165
18.349934579838475
18.29616104511983
18.24500582723742
18.38042987160874
18.263870583362603
18.1588320776844
18.14297330535453
18.266197265751835
18.250527811733186
18.31969071449846
18.061297994659384
18.1217262917121
18.40738090109141
18.2096160837161
18.159423304259516
18.20805384979095
18.32557900445437
18.318984763886398
18.096667753554918
18.125710595056788
18.14703752094095
18.043857507501837
18.006966690543628
18.033828838775253
18.030109811975557
18.086836617391075
18.21561348799325
18.049770354045076
18.166244096602757
17.921220206775466
17.99592267137653
17.917663901014674
17.880270245489708
18.015845088352403
18.131858729605934
18.219274046829238
18.056819479631308
18.148453964123913
18.129182398047053
18.244373251334203
18.140480626548698
18.13898745313215
18.144841244426825
17.995694009864785
18.058653359786696
18.05522061588569
18.029418563475065
17.88632341861032
18.054949833335662
18.02490306830517
18.03103297734358
18.064395814782397
18.116856227884423
18.08931956078965
17.920621534298242
17.830529051107163
17.94799562227895
17.82101315587436
18.002457017912764
18.044543997772152
18.243566767267403
18.164664295772404
18.038108471212574
17.999244105729552
18.177103917080853
18.107027892254266
18.112880380331593
18.01909919132864
18.187572760369633
18.217383143876177
18.20151877369951
18.108388912211943
18.1526831334013
18.109959304134833
18.182569764569358
18.255477521107235
18.201621334052174
18.198275894339048
18.205389427409035
18.205222092296918
18.131755051222438
18.161918046579647
18.046752327790188
18.055974950426126
18.129432970425434
18.058344313640795
18.151413834858765
18.12803979880016
18.24748280642979
18.201642324513323
18.148366458241018
18.278696534375662
18.152342893541586
18.205207991824125
18.1236727968948
18.154090446133857
18.257650418226643
18.460485669536876
18.218517023315375
18.201775499803766
18.341750248177764
18.290358775663695
18.11634895411889
18.20423657145783
18.11328045010048
18.228516783619373
18.22525375842487
18.092837014503957
18.086898142232112
18.186454265073294
18.110693559479255
18.23421630745385
18.07678716830369
18.21566638725511
18.09333569647404
18.206866245571163
18.279530166763347
18.33039666190355
18.233905336486107
18.267447540126227
18.216513578004264
18.27027805819714
18.25935868057172
18.11338723378532
18.0411303191453
18.115339400200376
18.203763152574844
18.074136836992196
18.241413260069915
18.182274651166015
18.235246771150095
18.224523910220654
18.281840160772667
18.20469846787227
18.245211627869615
18.293613148889353
18.22465439364782
18.15670709296758
18.165826127169215
18.106689147124854
18.258392665138192
18.188770474317508
18.159238912341145
18.209514777077914
18.204538823684047
18.13445488802509
18.33774739199943
18.399226983289605
18.29221989647991
18.089883382861665
18.141660331468795
18.235095756218897
18.165698151382436
18.27102394092112
18.17672743655996
18.199808113531677
18.209953347332913
18.149001172646063
18.117864743314733
18.170764748778144
18.160135447168805
18.135470815035365
18.203949014919267
18.195564760490488
18.138189862886176
18.233351428850238
18.16787377580678
18.106479836999316
18.27381489274156
18.113461771618283
18.080830249525707
18.1689887184046
18.159790536231185
18.0011780676855
18.114899910873316
18.04466455296663
18.143269975560006
18.197223819466277
18.228629505072153
18.08442293581052
18.165180270234462
18.10031985161342
18.11152777227375
18.14861314541454
18.15289212161493
18.240874110149782
18.17659927803336
18.21956645797967
18.15697022632598
18.212748196960664
18.260327085901043
18.347346028186728
18.318597232564716
18.203527829415027
18.288167205354622
18.322467750423073
18.431777405537282
18.39572165323512
18.288804109394857
18.195848251330727
18.21540920016763
18.360043802806914
18.199076871515913
18.239256063434482
18.33778477503305
18.347103893051965
18.28526619256421
18.304138553537925
18.3743084162139
18.341882396464698
18.345881337623645
18.407551024803716
18.23562810470447
18.242419106732587
18.316921088535395
18.13388574496436
18.34163640941433
18.185287918679112
18.219011916862275
18.17793066940391
18.31425845560633
18.263360976252763
18.156772980736374
18.25983640703695
18.105465750288694
18.21694066386718
18.16233491136009
18.155844081746352
18.22877173850834
18.16280405618351
18.16121468242959
18.129042352717963
18.284103475819517
18.054691526457162
18.121053662388817
18.2340062071123
18.2720586090103
18.215317240754274
18.329107451893776
18.268051148742906
18.234502771199875
18.093704529385423
18.172721021969096
18.327592054926964
18.250022542783338
18.194547737780667
18.169111815831023
18.1477155294527
18.183898635357867
18.3132066551881
18.337456930393746
18.319707009736597
18.276285462260034
18.310709852724123
18.205852042573547
18.235228507930124
18.205753734473898
18.211304851450397
18.212106641360684
18.202108423400922
18.396055275815684
18.18535158839685
18.348298479235325
18.282714698371503
18.34003381188875
18.342084791889985
18.192597528372122
18.306247383873263
18.32908069320765
18.294928099295653
18.33974990447945
18.376857929583974
18.41261279431787
18.29239957950208
18.442082653873193
18.33535701657729
18.25084131642975
18.235703992816493
18.34049154660949
18.338795886800266
18.331685244323275
18.348996872952362
18.251391006709927
18.284208144627126
18.181883586263236
18.153119952431933
18.156101665008144
18.312886183512052
18.2445940850401
18.14499511583866
18.23899939530824
18.35088976273595
18.39045117212017
18.167941076358986
18.28850364090152
18.32656582949311
18.185866552588166
18.242256213415114
18.35472058841446
18.412407368500908
18.122528543509176
18.160277237032787
18.031925662096974
18.126206848468932
18.272113055620874
18.19874326029189
18.17281755042711
18.173625860395695
18.098373210406955
18.20894114048402
18.330671767184654
18.24362535025195
18.142365176021233
18.18421466776001
18.16845851109636
18.212813141165785
18.17899220447045
18.192241929851605
18.166990916141458
18.25798776459229
18.06466055677045
18.119042149425855
18.241923791531384
18.171434879924163
18.056239599061918
18.21606386041176
18.213675899596716
18.3449792111522
18.307774454346742
18.19262523090695
18.150317801820584
18.16449642523127
18.32379781582755
18.21960520339296
18.181876755910242
18.247306561554414
18.32358225324579
18.34390379218222
18.183741821005096
18.186473892343475
18.218740163912646
18.16485892945731
18.12199598596555
18.071814352267793
18.200485356984714
18.16188339778862
18.116321852246
18.154258669892364
18.244892127443933
18.242266854588674
18.124873194554397
18.3244364310225
18.344526315141977
18.194642577090224
18.168980101104268
18.153366280748156
18.183600695752677
18.163819662489605
18.10161692621872
18.22762431067623
18.292807228592277
18.08267400774255
18.172493548243736
18.27434393393547
18.17788135400113
18.27829417182533
18.149577494386367
18.157981990949086
18.06361536827946
18.352905864166512
18.130683950437614
18.24414088595665
18.210048653321056
18.045607106279732
18.252461850439236
18.256004927069505
18.22792015431232
18.170031478927104
18.358366934467796
18.190658361706014
18.1823716052006
18.250384343792916
18.203185910262746
18.335984912301576
18.308285465527288
18.152171081060533
18.23658799857742
18.16003059787595
18.19697277529287
18.21573275404112
18.121784168426146
18.155137514470866
18.161687773125237
18.315376146278837
18.298484714951574
18.329730403245215
18.306669614292588
18.30962862603224
18.170169287232657
18.224377152667405
18.27570081343748
18.287113211903314
18.424722506139844
18.293687632253025
18.14003460594749
18.18138605142682
18.30051929879981
18.25761845604827
18.272704934845073
18.272926641707215
18.1247675057873
18.261003252363285
18.120581705098918
18.21150296402808
18.259536828285686
18.212226548413152
18.274441622900532
18.28940536909244
18.180342851774984
18.25876358557384
18.37924746256643
18.193589528982145
18.386318190338375
18.36314325611415
18.363092216666647
18.3619928122137
18.288617864535542
18.208883708843196
18.220267479519332
18.383105136156676
18.409557696339036
18.418357149487324
18.336098914234295
18.20518817460117
18.286339417183576
18.332490331021642
18.355346169439702
18.254141930552223
18.302985070668186
18.368175975170207
18.457543657572202
18.415368862907826
18.494352432921435
18.38694666542383
18.28817762257184
18.365809779458576
18.468878524675077
18.407829198439504
18.376061113874865
18.355608156483648
18.274504223457495
18.344292339569368
18.38865530211869
18.497876626553786
18.355208556915752
18.30902239575911
18.486598399704796
18.505813248462413
18.27478973388921
18.298075408578768
18.20833742595895
18.367025524727655
18.31492443634792
18.412439319319176
18.378880710792004
18.321462422623828
18.39319068832246
18.386127132635988
18.38476159951381
18.261401013199762
18.411208081181616
18.356649909846162
18.397049943059887
18.311063839347256
18.25745713688092
18.238063475936194
18.254916464741356
18.21146346305783
18.13985634711092
18.29907760466483
18.20324941272188
18.334094229587254
18.358976175854306
18.284614549711463
18.139735796611333
18.101398489729473
18.046524997508556
18.087932681509262
18.133685971659535
18.14770260139775
18.221780617174467
18.220262169958133
18.1204715802965
18.215099338773328
18.095784421162453
18.10765286054571
18.16787436675548
18.237654264457504
18.344957141511863
18.21759041005411
18.293028997837776
18.288276938219408
18.35697775816838
18.29339002468347
18.296461347803696
18.126683811764938
18.23404627295271
18.23673618861827
18.207724426013684
18.091912811324878
18.241308025817226
18.17761291274859
18.28416698967256
18.367803960943885
18.37596326425433
18.24789133861192
18.3387505500287
18.344527521911903
18.43336454313971
18.43601242293189
18.458749565373324
18.408100411169727
18.593384639318053
18.388197986733317
18.355854065466126
18.289670478275198
18.34635355091329
18.454962607017475
18.333454889162486
18.235227982851846
18.34038226732086
18.18483959007319
18.30091117311006
18.292397734688972
18.349280838239704
18.321450555072733
18.44125625875723
18.390781461994152
18.418586682079063
18.365291134153175
18.355671991474285
18.624817274802805
18.43255744188572
18.46765045394462
18.435725344270846
18.35843042395529
18.368138353015706
18.309519150110262
18.269632497939845
18.304763646732273
18.35894999422684
18.373564557607192
18.359515749324125
18.324972311204636
18.33042825284632
18.458649520764606
18.3480888172044
18.335864918878688
18.47350108089083
18.254777363703624
18.204469485050453
18.27809536408091
18.293795005306823
18.328825655471814
18.061945232505707
18.187629997744942
18.124927702217867
18.225839441194925
18.271792376354497
18.37120486265603
18.375947709284187
18.178353600384348
18.354951094431282
18.482725917333497
18.445348507552662
18.315237470850263
18.349114736150476
18.15118868750213
18.170727561809635
18.109355946562122
18.328473664081542
18.25094303156532
18.129560591286438
18.060213779303023
18.098659010507433
17.955462507672213
18.168538481930305
18.132575330021698
18.170866077959367
18.0886037554918
18.148167076237744
18.120935612967223
18.11483692285303
18.06789701135258
18.18960761855294
18.10793398027416
18.013733856748413
18.082539801941458
18.19195784812032
18.065084706820745
18.094943513200263
18.167403256007308
18.188892721197362
18.20483039753556
18.332992792297606
18.297453215603007
18.150925656676563
18.168039696356093
18.09189306670808
18.124649718680622
18.195933860410012
18.110833078053236
18.130350830002456
18.24804545697443
18.20958837391654
18.14848653528477
18.320307142019796
18.186162487358843
18.422397108699165
18.3274421163344
18.268623889157354
18.38764975285215
18.369663146135824
18.222867413245663
18.295854365639485
18.33557107402531
18.39115428963822
18.604223876800813
18.48126430052416
18.60987664993068
18.50414855025124
18.489562667499047
18.33425948147294
18.346448356231054
18.3516349166068
18.385484828203474
18.3116422055726
18.299577455790004
18.246925335513822
18.279955681112234
18.160732437488736
18.119834235435963
18.150339790260446
18.04667637905195
18.097822310192335
18.18026889841286
18.326639775657792
18.29911424451074
18.268611828260724
18.163778023060612
18.305392092063165
18.246961608997633
18.184834748616936
18.40926872551643
18.17219587982
18.192841485117505
18.161949420325133
18.35848112408583
18.392979512924768
18.389068764627357
18.332906184390186
18.346758234672965
18.251802114666106
18.284903468920835
18.325421334672242
18.300154263090217
18.341838756404563
18.324901287555413
18.367209450152128
18.396383348572424
18.248296760417336
18.374789875182845
18.203937322088475
18.30431240503076
18.381967044538357
18.268610414714082
18.409175409719676
18.281509018541687
18.382970215719645
18.369643761488433
18.26491910230777
18.100682483062563
18.069801273243318
18.15233931258775
18.121141992003878
18.1436979651248
18.2621971346813
18.290988733134057
18.26828347675687
18.19645603168246
18.308998615339224
18.4107172390097
18.264485184545077
18.293412703499488
18.430120769172998
18.31675612199776
18.059799679258212
18.208302585198457
18.17692004396482
18.31812088601454
18.19826937467744
18.229482354201483
18.19092377175861
18.064421426962983
18.032538146716732
18.261690674947463
18.223037940135505
18.30429537948296
18.29970219036972
18.15877436387139
18.229852220762048
18.226897309466494
18.115662518749115
18.027349038009035
18.07838028861211
18.285776204205423
18.27430345373922
18.118072852431
18.211323630773826
18.176353357768516
18.18987686859709
18.30923531276169
18.03259916856146
18.043445270672034
18.234304552445753
18.058668041238025
18.20511041141104
18.15947052419589
18.216132273350404
18.27380196592715
18.204136676456017
18.23199054135829
18.235109414608143
18.185449924321684
18.259659482158796
18.202109675563843
18.06089226220068
18.073616440146065
18.067484482927316
18.162517642004016
18.17267949217212
18.090515956686485
18.094121429621985
18.149906494414267
18.19242435156042
18.047072824977644
17.999428721363117
18.05601473029639
18.03487318477579
18.017005314218267
17.965234308606114
17.997160280306264
18.09746267800107
18.19603666055052
18.032462650176488
17.947702153565732
17.97229095924333
18.04325399521124
17.950523480153386
18.07075041332431
18.05672034262809
18.093145427438216
18.072971777129265
18.20484077954013
18.00704288772077
18.052879369628666
17.905443268632606
18.035091162867126
18.077790422828503
18.178356722560782
18.102103285793085
18.047008026684363
17.97572457951519
18.158750277848615
18.08488817700473
18.097427035135375
18.05599810582028
17.903817404282275
18.05624342923157
18.084910407835377
17.99345683661501
17.9928442280626
17.986070314018473
17.964256738792837
18.118351963972803
18.16340005258666
18.22378016634807
18.153726371071475
17.920149301332106
17.96426582684332
18.111234744419328
17.9113464842054
18.004859206228737
18.10410589800295
18.045271893463234
18.22163527084008
18.130646820853702
18.124586146274595
18.00050209822474
18.272643787184535
18.121795092871185
18.146382402166996
18.19086533567141
18.19313063855469
18.214641908512526
18.198554315709632
18.13032045416065
18.025442966701846
18.0925837611723
18.379025469164045
18.165021665814226
18.263414117567798
18.276027829130886
18.144731929147703
18.167481521804678
18.220675766580694
18.065984058128404
18.166035712551093
18.212643349528623
18.2960059330923
18.350825412543838
18.38467409023145
18.410457135447043
18.266216877982743
18.30783806111438
18.478230074718777
18.34996681740311
18.275181034438155
18.231686373892572
18.34925432882299
18.239375312494932
18.447888596923693
18.397651401934016
18.312381942405224
18.289556595931522
18.239404068829085
18.164436618598355
18.264091397378227
18.302307778871135
18.18132921593163
18.22239847196887
18.2335038877481
18.210414971240652
18.209307518816594
18.353348582101432
18.328154266011396
18.191642149956703
18.390258861253116
18.49747345784449
18.49040517966088
18.400262461304386
18.477999564495413
18.292522483498914
18.482097363232995
18.481220049412517
18.45544539163261
18.30297545064529
18.22823795331415
18.32437344829763
18.29527946781829
18.2641261750222
18.30228429252903
18.280594616574362
18.381574098797802
18.417577261043466
18.32918801127881
18.374588218824012
18.32112174165925
18.276798355203617
18.18511316313676
18.142619464278773
18.264882713656178
18.267352195785087
18.218896180990523
18.22756406695131
18.3426136325826
18.155260666263022
18.12960996321944
18.18019494990453
18.231012919550757
18.214404944167498
18.466331984099636
18.39106452521018
18.349199942166216
18.34247996349661
18.34895353431656
18.32900215908194
18.120963604929194
18.12388421809052
17.99048451133474
18.073696269311704
18.195874137484658
18.306663655813065
18.212251609379443
18.306115077713635
18.105317552474478
18.153531814347858
18.200024684454647
18.191292927731894
18.1718495797144
18.019502357061096
18.108700718185805
18.305476555756066
18.31407128197125
18.311265813837664
18.332916199080003
18.409936517960755
18.15086792658972
18.068918854886157
18.125334702752387
18.259053684867297
18.190344314890712
18.18040088750067
18.296796168323805
18.298877720546024
18.170821857098403
18.229725274166217
18.453660277442822
18.359313804933503
18.23883004795759
18.372735589591073
18.430965253668386
18.313876826352327
18.43448358008714
18.231947065151058
18.290427969726984
18.336536400742506
18.2264553612753
18.29312227964782
18.32039166371405
18.26372569941881
18.14308581623306
18.274069537707817
18.277828265250903
18.26144206107732
18.256468465229773
18.215803452895905
18.204386464713355
18.105027441788646
18.325221805440265
18.24001820016618
18.25868204696605
18.39383699440135
18.42139280703682
18.39069503151292
18.261432820199584
18.252731492724156
18.212889685514284
18.39244820677593
18.21022015375621
18.29252897136913
18.456545679381485
18.35481831097405
18.285418839418107
18.315239782213943
18.162085272071366
18.208757745442586
18.187743720246846
18.054493458548233
18.128867331349706
18.1846666447549
18.191258444430844
18.107407331089284
18.36871044886164
18.193194264098306
18.186800441609822
18.083535128254223
18.217970590454957
18.139941357982554
18.196653146702136
18.122711373220046
18.211592469949622
18.137651972006605
18.201401131649078
18.220461424179902
18.155965456353854
18.160014330675246
18.143959743499376
18.104701774323747
18.11028708772263
18.204034991344194
18.22033935398708
18.184117264259978
18.238194972976338
18.143510530067513
18.2615373721196
18.301010993006837
18.28432672959233
18.279143674118735
18.44426236541947
18.226376208271557
18.292064410225713
18.25316301561919
18.292894978113278
18.2946293282984
18.332107587951317
18.408069815129448
18.368243594027092
18.25529587187566
18.209345854317956
18.23276708661912
18.260241072835417
18.227757419648203
18.251174021744458
18.252212928259258
18.181325746760358
18.198517889088873
18.202151280644056
18.24089289926156
18.23704419447926
18.236909180847793
18.238491890733766
18.265884697414062
18.174288108952354
18.30797067965037
18.27701646383649
18.195723579402436
18.374394648745024
18.229622028211352
18.25134203599985
18.179158617643594
18.318320100008528
18.26121435498057
18.3282953302808
18.249707836284323
18.35217502238296
18.34701011004969
18.23879944866428
18.340647129135423
18.363698972991163
18.379211142681413
18.380579790550645
18.182356215442717
18.280221563444396
18.199309555121154
18.090680024693928
18.187377109380385
18.077180912341213
18.089739157957407
18.135970757776573
18.172806884677286
18.133193914887606
18.240254356390896
18.204423602012103
18.068334635801676
18.07041757111608
18.189124382159168
18.323991369309258
18.271052820359447
18.179509509874933
18.02605159354135
18.234125607153512
18.128004032889674
18.220831766887297
18.186997844675307
18.218572014044682
18.06390358981797
18.225411854474505
18.170320409187852
18.26454886010959
18.28860861416709
18.149162384256748
18.082880356315936
18.093252032601583
18.17859682168605
18.150998914157913
18.29438987895155
18.279115092757788
18.289435666729407
18.268785738939584
18.22114323489818
18.14892190292288
18.170340134579703
18.136426197732828
18.19338482507523
18.163530516780835
18.175859664067715
18.143429634621484
18.13359497379461
18.262485530423177
18.174138930527995
18.06844147373888
18.169876350178406
18.12727206556491
18.170188894485435
18.252307875169578
18.20337456379668
18.179318203206666
18.334671883772543
18.119256887978224
18.209109028797624
18.268381722688964
18.256101978768555
18.229995928717145
18.163567660500863
18.246161294439236
18.27632628720224
18.187191187816275
18.21528049515416
18.201860453246102
18.18726822516457
18.184838249677576
18.381856954213344
18.05468325613838
18.19564241045055
18.40809237738027
18.38573386421107
18.397520516217774
18.32977767062602
18.49413732526682
18.337959461919205
18.5718842649361
18.46118128206369
18.379991917056806
18.400019782090457
18.481211208307144
18.333460308054974
18.231989259852295
18.25147670813376
18.249512863177905
18.385596255309885
18.290035456598908
18.07160724777338
18.182505183554916
18.151234077208755
18.097839452015368
18.123462732138872
18.131473439741157
18.236411268712736
18.062972501432295
18.161370062773987
18.10161259036473
18.161497529766855
18.196069843272507
18.05686761026167
18.198775274933027
18.250675302083195
18.30157818972767
18.30309113367398
18.15480362613236
18.329242601532123
18.405122308279097
18.61108806464806
18.45959409821023
18.526275377349464
18.508336760769495
18.454920334545076
18.48113120816356
18.335392308302996
18.49426120845429
18.26717390667013
18.35505488055055
18.3455263589212
18.330428073219963
18.377447737974336
18.265433425770546
18.426816206227095
18.376484859453093
18.474462936751877
18.34705692417614
18.299551751023692
18.60495793697844
18.43532822600488
18.42283519715524
18.39215267221634
18.608627627300113
18.425611725084426
18.559466177789815
18.45264626435689
18.560925538028215
18.528018964874292
18.366373446560633
18.27827895655931
18.3440086362044
18.44697248903222
18.46332554291653
18.34811635350452
18.356870435229016
18.460225403462218
18.278342545962545
18.354064389894354
18.27300474148741
18.259919103216056
18.214408680707844
18.3407182050958
18.370991982142126
18.31863304989246
18.382652158039747
18.41649502015415
18.48480117660746
18.410428782506308
18.391206495013172
18.453201987099174
18.234522721966243
18.41615160594743
18.506780270253195
18.366401124267007
18.278934494274633
18.27874978946942
18.191507505518285
18.20039763078171
18.245606941973385
18.253785256956586
18.211029879978646
18.348783835625074
18.19847328758777
18.251238529033206
18.26248668684731
18.5281947079898
18.421369890814745
18.3651552348906
18.351038444225065
18.172128648453633
18.35515977788205
18.283424217639826
18.346729951391946
18.24042174830999
18.269954782656864
18.222423567762817
18.246366061290058
18.249556171363835
18.194285169091685
18.24652659587193
18.235209229595014
18.091624444179093
18.252006448453272
18.135930812640396
18.22093306227356
18.238880474185564
18.171098479731288
18.414802824607968
18.42959731726987
18.315035753778815
18.192063269527875
18.249633530971163
18.075399995320623
18.14134456199913
18.10976472306358
18.066434258352828
18.102019381377392
18.08608372583441
18.11263543601462
18.204846743402978
18.218366212288974
18.111362972842702
18.212254687863556
18.309605198626613
18.244062773569503
18.221429999607174
18.19946137749284
18.28150550874964
18.409119796076734
18.367666146606023
18.37831948394004
18.30443144203879
18.316806515133248
18.38700632969783
18.513909705602618
18.285703430273454
18.340556813418846
18.35393481034456
18.275923367530915
18.31512165685556
18.169602581512514
18.254281339763796
18.37521766952672
18.211169660821966
18.372325369603075
18.36539654543445
18.42585721653293
18.435035304372462
18.42196094867119
18.567587850183596
18.388582464242596
18.682649615098143
18.596400255602376
18.635416068077134
18.741061106935465
18.570448124162947
18.474868982605837
18.519605252119522
18.574327569202623
18.607930201576853
18.63658345445665
18.659018784840754
18.662090327561252
18.556820437766003
18.562337190263772
18.53155056138792
18.506392586041223
18.44162116615311
18.61819311618182
18.569379639035567
18.47491192655945
18.388508946398964
18.528289804250075
18.453992343227675
18.36760983366627
18.45219847021678
18.60675278446691
18.49627773439918
18.553079515684995
18.3651368979314
18.46411013441711
18.45803955131098
18.499048065967884
18.317345374863347
18.535899615875106
18.535863792518885
18.356458780653394
18.43891088773522
18.404110947935408
18.38100162080879
18.349345932918673
18.418007397562352
18.501551785265725
18.399354354698122
18.48019182334305
18.379475378777222
18.53391626330914
18.488938144613726
18.415250822172123
18.48250664212391
18.434235951791372
18.48371405206947
18.569370318415434
18.61870701263163
18.780127460214395
18.772145378550352
18.671296190925883
18.592773777091242
18.527760086410698
18.630712624588657
18.49271623336018
18.494451915417443
18.52144037444406
18.44376634633969
18.439035034051717
18.410533631167084
18.49379863886693
18.356514659713802
18.36762086949567
18.360103680502913
18.262141368238197
18.33592949429886
18.294985705100313
18.28251455661696
18.31338321372972
18.12946406695134
18.135776454614092
18.199333952911328
18.218923888248348
18.387174456631765
18.339200799474835
18.27805042650489
18.189608017687142
18.4498718289783
18.288804726234492
18.39004735345328
18.3307636823193
18.30429179649167
18.154535673023283
18.191409729022272
18.126047386435367
18.174497980638336
17.984449306524212
18.189262285456
18.145768761420303
18.21545523032623
18.233039575597928
18.251717552443065
18.25179770961922
18.04732386153008
18.14027399703547
18.152597152365296
18.14779062101996
18.222718882131865
18.2211612181917
18.26172486624685
18.168770313065504
18.24202283212005
18.10522893607035
18.2714144446303
18.140975204832998
18.104555750647727
18.149132668551275
18.167695443370647
18.213916786791366
18.159096749078348
18.180962545392042
18.359394164616464
18.220632087009935
18.244848170866355
18.2172277038236
18.24578970889515
18.126682748790746
18.116616385453874
18.196675842337914
18.001257249227688
18.07008172900378
18.00194632425828
18.05926569230526
18.08063185895925
17.990190764065897
18.11648609057307
18.1115353242617
18.03134419967228
18.04981008362006
18.181520664813657
17.981135970706056
18.07376847601051
17.998636904634452
18.23830056166287
18.153748234865724
18.05368532552997
18.050313665572748
18.1007388008639
18.0504112655463
17.970573652884045
18.009073960721782
18.000621559472602
17.900736504687043
17.873090210169828
17.91834402793196
18.04065399343984
18.131603005939574
18.027123684437573
18.000271176901972
18.11513501926794
18.005620992894716
17.988017579867307
17.98841236009255
18.01838145035196
17.89313758087911
18.0488493744838
18.05879659066107
17.978193004741918
18.10068296815704
18.135062116660706
18.1748028831787
18.0926411058684
18.246633557650007
18.215131057545353
18.262935463273408
18.13069966038866
18.14153573739303
18.089304518783095
18.17096998279476
18.136566974916665
18.15660154608916
18.104478444097417
18.143686135900875
18.067033272033555
18.04304267087214
18.08399611694314
18.143120547458288
18.18121086563156
18.232474314603685
18.180928973850044
18.266422217720613
18.07872842074363
18.02564528791809
18.16231734980599
18.135199064519792
18.240028071602936
18.128291891591342
18.088120182332524
18.014632841357695
18.006685711469288
18.08118452023416
18.008941457957896
18.04292517386946
18.114852093088803
17.994290002096314
18.094518559459825
18.11626017144731
18.196872558958905
18.06537617733028
18.17954600288832
18.233553635273662
18.188695242421804
18.019852510582844
17.849118541601197
18.042140639349945
17.97888980042798
17.985981043216242
18.047255308362463
18.01710674480767
17.96973876574807
17.913490126266744
17.96910034677794
17.997329698354882
17.947944911228287
17.97058161022544
17.99374929245805
17.92573150260529
17.98882734344663
17.912084727050797
17.965597462752353
17.982337549825324
18.01820131543855
18.08546223709027
17.934624892666392
17.853180696973407
17.935740628327295
18.081439973422214
17.999510484441885
18.14003110370947
18.070774949128193
18.18624293797113
18.147909277595236
18.08106493486057
18.11982387964689
18.15373229402159
18.231589948661046
18.154200079186296
18.189181005140323
18.188610535500487
18.230549987097678
18.292369346406268
18.181968150205375
18.262910213795507
18.200604331438157
18.158704575455623
18.1644638168774
18.283112290020128
18.163557751030737
17.94354158471311
18.10531891896534
18.01045865615709
18.059867829412863
17.973156749331533
17.907417348014093
17.996897722530676
17.99735544237912
17.93097243232821
17.986293785713727
18.09367726208607
18.00792715029339
17.971915600018974
18.020435912390166
17.9091957840175
18.01249763868362
17.899760006276814
17.980587327838315
17.993231649093747
18.10576206698255
18.100619406947995
18.185839900939516
18.022989163630086
17.9986174722772
18.122152237835362
18.261843052882067
18.12847523256026
18.08504090435432
18.212927368460477
18.12523487044048
18.088708750361175
18.16011532591111
18.283414010707858
18.123718841295688
18.16551348077732
18.21931634482629
18.192446501204994
18.105443111995015
18.197042803993593
18.20042741911476
18.188485231880435
18.223477566619728
18.179566023621625
18.084553800456572
18.16843858500672
18.05607696152191
18.008852042806616
18.082850857455334
18.084200904912997
18.066148643308058
18.135938707440882
18.101023807053693
18.368112506357818
18.270132218669804
18.18423727724679
18.173315211629387
18.152087687438538
18.03889237538412
18.15449684908639
18.061714846784504
18.10213006480454
18.08162892101241
18.221049595741267
18.1043840714874
18.06351190181097
18.057117793314564
18.12848651010617
18.110116917150435
18.084689695892514
18.04768166811488
18.187769196451733
18.132438748767992
18.191262104057255
18.0655832797892
18.085678130391784
18.08832279555864
18.17767664317494
18.035501983062783
18.081672553159446
18.098711556549407
18.1568786746099
18.047668664936182
18.156094574480726
18.16952400782659
18.066676197901785
18.207666600751267
18.095853056621355
18.294515643743846
18.225746864342497
18.26534686267885
18.267806668111998
18.294642907572168
18.27575829332479
18.171651869921842
18.216371042544438
18.33549663829243
18.17831132792054
18.00971169177361
17.949111362914195
18.141211029296727
18.133838037886544
18.220853025055057
18.188339383732888
18.16514773335244
18.15452943942768
18.151897891420898
18.14427939128407
18.20345287577561
18.251435158632553
18.266279163642213
18.205457967446062
18.254037466865125
18.319537789396097
18.392568611295214
18.19892273522619
18.267541225894877
18.326590232876054
18.116857456581425
18.01281215347249
18.194962851522895
18.13071265905821
18.114962785797644
18.148020750400278
18.002215341078013
18.225240046739255
18.252633488140713
18.132982132178427
18.18873123828698
18.235088083768638
18.303350524860342
18.084766362560003
18.142515022062256
18.05790341624782
18.08333390859309
18.195031016345585
18.118218860254526
18.187790536256838
18.137488013305454
18.17784580978096
18.15733030103343
18.0408440230902
18.307269195840608
18.176772633514698
18.15894271953961
18.312829561103918
18.22190639913524
18.0700098677618
18.15235065638527
18.16903247598533
18.034953768133
18.006189742558075
18.095833679585056
18.223267001160995
18.158097387534315
18.18960433564715
18.219231209225278
18.17628683059014
18.1888022930125
18.157090080493976
18.21866155876276
18.282056754459724
18.070540729258504
18.280381070207238
18.13763368917363
18.128614191566097
18.22254812702447
18.19874768163174
18.354013440192112
18.418744803830148
18.44039759246123
18.274654723842477
18.33982828526443
18.264914935437965
18.272514224689512
18.285344640710782
18.21364681444168
18.222475014529106
18.28104506526047
18.306743621704157
18.118696163647304
18.300299887078395
18.2074717332972
18.124697467725557
18.29637994518567
18.199176695839853
18.238283167545788
18.069128511096118
18.116907633837528
18.123331920370617
18.153017931518782
18.31662563388476
18.238704530889585
18.20934920527528
18.234081488761532
18.267472004111102
18.27568204324102
18.32222709248038
18.13233011633399
18.222496385431306
18.291204973052135
18.191893058420998
18.19064851308491
18.26351912218709
18.280453349572838
18.309980910044274
18.19845725251522
18.130484613179878
18.184138560466888
18.287188338990696
18.267276234971774
18.22996791226641
18.27249908572744
18.288464003718634
18.142665240369574
18.29296762571009
18.2143344256169
18.19893914473153
18.32388068609239
18.283424203415787
18.324670901667055
18.275137990132812
18.32287426436685
18.262986700040976
18.42662364842485
18.215623254316146
18.281004588102697
18.337338601372803
18.223536031599817
18.30274774783014
18.203968706462977
18.149370777071532
18.276852245806182
18.214357707165377
18.352404463147018
18.163687314395066
18.23432755884524
18.225515713414776
18.273431864822502
18.307104612328082
18.25313337362701
18.342131540327554
18.32853332855603
18.389371769712046
18.239525709462878
18.241609872511013
18.329940378415586
18.122561283800955
18.289215708790405
18.2682442996026
18.272268533984942
18.168398799112566
18.34408204010179
18.38292998341472
18.240044172950412
18.391988212195173
18.373867292312458
18.347404853849675
18.192914063504315
18.275124539351552
18.487375072657603
18.152069065512553
18.292760138851783
18.319396033006047
18.35607996245478
18.431812495234226
18.432799868304848
18.418980771225957
18.36817280736227
18.376892574668933
18.309248093328076
18.214107874270006
18.30552623906842
18.38289681221524
18.329130318065417
18.36113426181055
18.280726735330017
18.263049225202547
18.38599642727859
18.270135088747516
18.331520626521236
18.44720669795025
18.493053286575815
18.407597141821434
18.45370697421538
18.37248662492936
18.33578748615684
18.311606101946857
18.429164384881055
18.488671580509653
18.46898753828274
18.487670310926468
18.45188655632864
18.4297517759797
18.290004522940723
18.24056554410758
18.3949380916754
18.251074892203736
18.22492477694287
18.271719064925588
18.258544438006194
18.416964564836118
18.376669670744
18.427719813532775
18.334959569160855
18.29033980709871
18.28746843789519
18.270573556040016
18.358296516041364
18.325933702828575
18.285179666226888
18.241425531836185
18.304282698563622
18.23415523991058
18.405406432188453
18.290151145753818
18.324677484337627
18.32276460261855
18.278602821691162
18.2659138770879
18.279498929604785
18.281487181431174
18.355777367092575
18.38773391344895
18.412634125097814
18.296899336226648
18.352071270578463
18.30645846414352
18.377447510906382
18.304385621226935
18.28781743741658
18.214349498392252
18.297227685485364
18.2073947487664
18.240804163925095
18.259600249251065
18.229219959678797
18.158317088410893
18.22360452575814
18.41417482189028
18.269129423667444
18.337848184679213
18.394293635291124
18.279223090917124
18.332606849120747
18.280288018524317
18.365832485169697
18.32908828610819
18.24300203606798
18.417587600982376
18.336676214345967
18.289242713407774
18.334885533822384
18.265127360148277
18.327262642717727
18.048743006605072
18.25927061540147
18.186951333122142
18.310551252497632
18.29384704720434
18.137567325345163
18.087815334971076
18.225900501032324
18.35398209316411
18.224596061327087
18.17085574194491
18.04388488866256
18.066328514513874
18.17349867355826
18.25221957089649
18.182032395602448
18.203263081063525
18.210312014445154
18.12911684325665
18.301875055008338
18.247408655015978
18.135012710621595
18.059494417837083
18.166452730921254
18.07303110710492
18.124112731100247
18.197306534843612
18.306072615108572
18.20596831562508
18.186312839160706
18.087130818583223
18.04247423429793
18.18208026687495
18.12908207839649
18.13678870037036
18.06987874921672
18.264482216010062
18.17861911981112
18.271308093095012
18.134406130015996
18.283811305524598
18.225065826115948
18.286516972260674
18.294928206166986
18.155628361296237
17.919499378661623
18.18648858689007
18.191698382404947
18.29126417277985
18.186105479097172
18.250138370112744
18.13563462633514
18.23260141301812
18.25382449419498
18.209352752587815
18.19888695433334
18.248643269737244
18.39490467861995
18.494916280208322
18.278788218843104
18.26327049628529
18.298425873010046
18.2749252035702
18.280097417469737
18.319005988800516
18.320241954043073
18.336464252230595
18.273896406270435
18.416921085271753
18.457384425422443
18.39896617754042
18.55810622440296
18.33781288537446
18.4184363562351
18.331492698014276
18.363230751392866
18.35317317036313
18.32286037508065
18.1898002396212
18.184448261353214
18.321205538409977
18.471939741879236
18.330285903304915
18.42574707816946
18.487035034045725
18.475939733478786
18.35437049061149
18.41060224664813
18.414537683415954
18.37138328306809
18.361010080066308
18.407788381024925
18.398937837510395
18.25906554106161
18.317002891658444
18.360520880360713
18.202105685781127
18.362016960012113
18.24435104101917
18.18247447896164
18.290755022840006
18.299940239530866
18.384367153967677
18.27158471897496
18.231523916992145
18.17175455162197
18.275046657820628
18.230316273612466
18.200858461501603
18.20284044175932
18.335983965962257
18.287296249429446
18.309936240543987
18.360538861397277
18.387262311663513
18.313895326188103
18.25945424204607
18.173430755942977
18.244924255281376
18.200310386803775
18.222031869228786
18.1524608792238
18.272292797230072
18.238108119969194
18.287394976615648
18.10196497624187
18.15171124527005
18.190515849430223
18.30861130851594
18.274635648241656
18.34957362491985
18.133206921708126
18.06879064827351
18.090580038034133
18.274991036599022
18.007516884383687
18.255385592289763
18.34343763437602
18.229736663524694
18.082600575072473
18.084509114696765
18.25991194279822
18.14378043915886
18.16287485131164
18.114362546872428
18.229410214042087
18.168411022349073
18.337705646834436
18.236905568496347
18.08313856032194
18.21183425954121
18.246066401817338
18.117917802409746
18.05207421765168
18.1174297885154
18.109806755998353
18.176158362075434
18.236113005710934
18.2001552847829
18.323996737060543
18.31883066035078
18.137884024715717
18.251882445305142
18.15459747930363
18.09030046405068
18.040293033970222
18.151645200761337
18.052930512036017
18.17797209316831
18.05340638283528
18.086572346682193
18.124535405217323
18.174568029584645
18.14098293968581
18.19853866770673
18.38450915133142
18.32352650752696
18.304732640816813
18.285023508552097
18.180619058744657
18.2369216084712
18.303051015175487
18.118564819391253
18.129263028148493
18.042777093138398
18.036838912177082
18.16344726887081
18.19748641509048
18.237023309251658
18.39778346706378
18.336773090804726
18.236329788943777
18.254300998572454
18.254095204837334
18.283312321084185
18.234331873599025
18.235228098129856
18.151698385353704
18.195198292805838
18.236972983903655
18.09834420371888
18.134798727240028
18.139536113160734
18.16308608718399
18.241707698991032
18.26239489450916
18.19728158382766
18.26148674831363
18.257225496454158
18.256996828378465
18.203866435095016
18.311325313221477
18.38117428512817
18.286568193972677
18.318504444725765
18.457573024805253
18.379008093474646
18.51835004477878
18.255744909546436
18.328068338595656
18.22305110533937
18.242654500303743
18.353369844101213
18.322318938310058
18.15768128116568
18.256888230885913
18.1667486661774
18.241314187189012
18.231977658717607
18.312793617651604
18.39775007912946
18.161109194710757
18.352126668646072
18.413896967463952
18.268533024516273
18.264407486559666
18.26374091088327
18.25638014134077
18.385189447124684
18.325914562483195
18.242658753581136
18.233457629886075
18.25657036953121
18.151201997936614
18.278567577620578
18.142780912895795
18.152070187037435
18.23542804543946
18.1198006874831
18.23307613503329
18.364582165286812
18.182046555763986
18.431146843143214
18.327824355849593
18.439924164229456
18.225269516007405
18.24710304112769
18.21122659163999
18.268434390597022
18.320408968679054
18.160029180714613
18.186799083325155
18.171361580296736
18.225571313597666
18.22274204462605
18.254805340332798
18.10523962238623
18.150085924915395
18.113066241780817
18.151153034684874
18.31011239990176
18.318721194467706
18.240626170275743
18.149860244407414
18.20018992777345
18.24719580364034
18.12223240470194
18.225486559279055
18.176846204125003
18.21132362278764
18.17901655754716
18.231188506332828
18.223958077837665
18.25432519642205
18.257910517848476
18.255640806301642
18.190088381134032
18.147282251574044
18.23586572837311
18.10758430923502
18.3143246640604
18.361925033416096
18.33615310386099
18.254223809859432
18.182693788724276
18.262501848293873
18.288206254651982
18.359894752778633
18.437566929033387
18.29142860048757
18.29451279118811
18.275746070114483
18.191676049668978
18.21991578140945
18.178627025303637
18.29781165944272
18.439878171217625
18.368494651445978
18.309895569043718
18.44596280355278
18.442221485428192
18.333298322089423
18.300816166748223
18.30314427458849
18.390689642009338
18.268348703670387
18.28233939789204
18.240654655667075
18.24444906465955
18.29742008118434
18.185565332399534
18.191432410835212
18.277809499885265
18.207178412674967
18.333675877637653
18.109444789263293
18.17262372353917
18.128891033300192
18.29798539616632
18.287741200542992
18.232214270629367
18.307367031001753
18.246069794941
18.255011603208434
18.3824955502429
18.27072687485828
18.085092618355837
18.431456105962447
18.239545734694314
18.43149425053115
18.374457548688905
18.554363480556066
18.463028675746443
18.470880467673634
18.431758753820677
18.45942755694914
18.30985529892988
18.43284665424254
18.278440669864192
18.291552391514248
18.35570980517462
18.215737704661517
18.34627401097853
18.26244480667258
18.33082542209336
18.22322907216361
18.322481565449667
18.382315281927653
18.309136708310284
18.26665290901006
18.205603412092323
18.322196404133546
18.200806648461167
18.303998949691966
18.203011034992365
18.27389711070506
18.239737226690313
18.41030891936504
18.31860749935424
18.242971645874842
18.343182960857682
18.24885972517062
18.23585800415355
18.402764794916585
18.255634367728387
18.214214034614333
18.16755690285781
18.196736669215408
18.046670882214894
18.127353022730556
18.240481083152265
18.192188779315583
18.200757317537832
18.194305353037066
18.18094444454771
18.081402338305033
18.213926148176608
18.316456799927668
18.372888697830422
18.171196868331258
18.233972427247405
18.428848544987936
18.084322344445912
18.23600959378736
18.21057206357483
18.329317675980857
18.298222665537555
18.245305636706888
18.374780497455312
18.312788399005633
18.30556759666775
18.31503093071648
18.209600777678137
18.15345421496988
18.29033604331551
18.195461701166018
18.263507193047037
18.314535423480187
18.242135835834787
18.123635291798063
18.184048204040405
18.32544464594884
18.153818671869384
18.192393801612315
18.169398014957757
18.061371163368808
18.13459218729488
18.11015433014652
18.224637604622153
18.14440643245834
18.148798065567274
18.282801942732313
18.349124757281523
18.32708438860076
18.194889317514903
18.10463480884922
18.231489626661883
18.29835671068772
18.27335207717431
18.18124841614542
18.188522829524242
18.187698505020116
18.125998721902445
18.073519224943155
18.12720316080735
18.117519143816832
18.247181764659732
18.192914010386726
18.2029347980032
18.17488864792412
18.024528109453897
18.120067888749688
18.352211812276835
18.19092277066273
18.18224165656801
18.234450548864334
18.221609843628833
18.11239291145049
18.343520339455832
18.17594572688225
18.155046737110386
18.244621167843203
18.189779881676156
18.132136950713612
18.06257044821567
18.266984544853653
18.131706708893816
18.102911451992192
18.179685057344898
18.13690554824368
18.272393532243267
18.21446270448684
18.21710819752509
18.197595933715885
18.185321334230327
18.15459345515628
18.185719918411138
18.22248322737304
18.144190239162953
18.2166429753132
18.070120573145257
18.26295185872907
18.215382709769795
18.28410602956497
18.264155064743797
18.2566478137202
18.302807715987594
18.31427112382223
18.244522228296077
18.310383038828782
18.217673493397154
18.340122556817974
18.346155865611426
18.293997788476883
18.210284454103594
18.299226076185843
18.383379214807057
18.268890674688492
18.428905834494152
18.438929511353773
18.391177811062576
18.274529779358677
18.152787426618655
18.193875049295755
18.169006727006238
18.1782940047713
18.270073095378304
18.394843912509764
18.456576965169862
18.3738535619605
18.21468289188331
18.262321050359905
18.116759443615184
18.398674099772535
18.319954477983707
18.39816336278276
18.410698466285112
18.332486439174453
18.315152326866315
18.30231568842351
18.22801291202865
18.35506119914068
18.309767115423774
18.347967487697176
18.31666222415027
18.335562101672505
18.380247223641845
18.423194604439217
18.34651061057829
18.197849704297724
18.287195701758865
18.133846337635962
18.152821711852138
18.08770604185171
18.189929734695856
18.309043965911496
18.19134626410695
18.27198239267741
18.18864211217625
18.195773968453683
18.193979180940005
18.214554838840982
18.257159676234814
18.290217104096932
18.253373800707728
18.296049646372385
18.15247632133362
18.11665809262047
18.170163681237458
18.34144014852955
18.157267433318506
18.12135301138119
18.235389530984808
18.280263425032057
18.293720539318592
18.23360003651236
18.045975819628282
18.09883202897039
18.0883544833249
18.233666856999452
18.155603045379692
18.362025416558396
18.213895583311313
18.08303503660772
18.293114857519544
18.29402331941429
18.22364486322432
18.210580645894936
18.18355172593825
18.112462643031456
18.135230336209858
18.258617927583856
18.220434212586166
18.11172557762607
18.225486686972385
18.305562115633872
18.18385108220969
18.166989996381634
18.236505664423703
18.132095649945054
18.175081322589357
18.087186253028744
18.09116509436011
18.23580003468885
18.174692782831364
18.044729661226164
18.37517788239003
18.340607232277904
18.48951007036061
18.193650749104
18.2970986741225
18.321026861289685
18.526555483567865
18.232512354260336
18.237920048978975
18.289863598486438
18.37490289679468
18.25905443266682
18.154624837536975
18.224251931763053
18.2389035970788
18.37523193202128
18.371086434941866
18.21752952145385
18.275992162941606
18.28484672794229
18.15095257252988
18.15006313977272
18.44894887551075
18.35512087486555
18.2647197990653
18.41879982239861
18.299477161147934
18.323734456597947
18.136179765105357
18.427730816804928
18.400701482565484
18.257062892216435
18.27891393194696
18.257389994003663
18.262680584177684
18.20506038075073
18.205046039837683
18.33098791161
18.27535365392176
18.270692065323605
18.377904355927804
18.2376203386228
18.423169265817126
18.36398255286377
18.38167118831992
18.228873821734243
18.33542487339711
18.370150304445755
18.466026181763624
18.359432649387404
18.353162196493862
18.213245163681044
18.263424469357325
18.302882559403656
18.393081793208943
18.244770780700822
18.344321797415052
18.310670005402628
18.299265275570463
18.449657930334922
18.14916038573216
18.21736371338637
18.19973254743629
18.142680816165967
18.39308158496692
18.392359829885184
18.298906145580823
18.39064443654798
18.331184382208875
18.177856157291455
18.273052493616486
18.25984387747965
18.24846066177378
18.26447671448615
18.069839700504986
18.14168933250587
18.301062324873428
18.31386290574592
18.440409272400174
18.252791485268574
18.385825688205127
18.16080100070933
18.359189048192484
18.306950255478217
18.32731361089985
18.39557933918222
18.217922548716476
18.297253611294643
18.164499941019585
18.287330983261636
18.322771826464063
18.438384926553866
18.327678350963005
18.31127761418343
18.154217558467334
18.262924106940414
18.323247963309164
18.26267922988955
18.35012534815999
18.297492110441944
18.229825568274833
18.269577753866617
18.19419612432633
18.162792758991294
18.283274551810635
18.349234604521257
18.266759306481063
18.2765285379148
18.301813031377055
18.28007781832007
18.177964090679332
18.186730089218194
18.121459829403726
18.227043000863926
18.30793306459341
18.26828982373765
18.150069898596932
18.31652806310765
18.22278885196992
18.373213862659625
18.316495896766735
18.422405799635303
18.51145966877934
18.32007328958781
18.57327286731158
18.567618244299236
18.34636836532011
18.29614551107161
18.356205632230115
18.31090678170129
18.558993472206986
18.36421793184474
18.188594022264443
18.22398224098385
18.243667862710122
18.146544882905342
18.174161836099437
18.274654157436686
18.249528547816066
18.200294536367046
18.144433315620415
18.29461539651664
18.100739520949226
18.08620211486646
17.99622944810901
18.153696013185115
18.06776428113794
18.073589813433735
18.02228749321245
18.079197331848086
18.094353924880636
18.100603300555232
18.16098740223298
18.11087888601101
18.09159087240342
18.054385944480984
18.169547405254193
18.001258397070753
18.151013115063947
18.128263429512728
18.22790859639776
18.07259653758859
18.125526177912523
18.130089964562373
18.24342937773092
18.12501974693824
18.178962006385024
18.13673908228278
18.10518281410332
18.144537900813013
18.140754953950093
18.252480805009228
18.081408780342933
18.220822381841813
18.204629362357736
18.256301879989124
18.207967096753062
18.214147012525505
18.30301616221422
18.13899808130526
18.036095705722133
18.023447786481015
18.152470775452418
18.197175976031016
18.208428923063803
18.18494311440373
18.18221380677865
18.166475648803175
18.06107443782924
18.20035701297924
18.109616761309393
18.064844631224236
18.07246327494548
17.923332803756317
18.073683953568576
17.98371158281482
18.019942069984364
18.054273626674433
18.09170782076458
17.97410832270036
18.259954246348105
18.187102860269732
18.143422018773382
18.21058997964075
18.232310220154368
18.1523554492445
18.13797278602599
18.162181798103827
18.122116827896726
18.114122717884037
18.29488878787064
18.19032432667093
18.236200804638187
18.212465210580177
18.19418079661166
18.114477659207754
18.033099810121016
18.11464011118656
18.14237042930488
18.20270024159925
18.038191956681786
18.162869462001908
18.13079055170512
18.050326171486308
18.07342258535894
18.08298454858102
17.96694360623401
18.108403449462838
18.149703679117124
18.0675305257821
18.111505241266816
18.07227964234053
18.154979732614912
18.03678677487345
18.064020957614087
18.087238440967155
18.14875804467193
18.16283619510328
18.12361238147482
18.128486681167747
18.17986594971735
17.99129853973589
18.08565757551609
18.153501532825462
18.046855157519495
18.14305906061322
17.941471911163546
18.029426762760423
18.189135424532548
18.128017356357653
18.235157438996623
18.133279397625937
18.071806942893968
18.21852290409259
18.15655018414423
18.112691698085314
18.07912003457037
18.064751727666923
18.12196417417059
18.179998364569023
18.256858119013785
18.158080985331893
18.1137699134888
18.073693471726077
18.046829416290812
18.124073524993772
18.201482653252757
18.251512070370225
18.303937773781374
18.264274013130127
18.217176760838434
18.24019178947803
18.158647566229206
18.148156432173728
18.154908975828466
18.354704269148524
18.27970140206461
18.178480951010627
18.06049573707005
18.09494805520784
18.098261946637482
18.125226839606366
18.00948336603393
18.112782662737164
18.11497498990423
18.16327145233537
18.262824501197727
18.114447081408834
18.16639958326854
18.03378846284045
18.108484579913874
18.23403182779585
18.345158485478674
18.322331969600423
18.166612290047333
18.209862131263815
18.296868285597235
18.15984922716726
18.203981310170068
18.116929765234545
18.179778788756938
18.17014259406691
18.108076369582115
18.06901889583875
18.12027785985762
18.226749688868765
18.29341724835288
18.15156717818112
18.14875751141864
18.27834127447965
18.214731230150335
18.237603743344785
18.135472358667187
18.208282960108097
18.11831224101768
18.052063935416143
17.968440353821357
17.990300772697758
18.06119314867774
18.168045097255817
18.200490193341185
18.0829594053332
18.129823377120335
18.107652944786107
18.16265911748329
18.10533361264654
18.092964667718714
18.096513621245222
18.167856244713423
18.051661944367474
18.097575888114523
18.112205113526908
17.932142698784094
17.994711895677245
17.975750241756433
18.045810884540575
17.955674377778376
17.944342980890493
18.082750839486945
18.03415238660906
18.08722967330836
18.024661943978884
17.942252620659744
17.929266612423373
18.09399427663472
18.11193794586276
17.97442626642671
18.00051459274456
18.07225356020085
18.108178845112395
18.14640473352533
18.095671046748187
18.257648371391404
18.064184320759686
18.22611785325877
18.023555182066534
18.138046945783685
18.135665376380206
18.1223284139599
18.011660143025544
18.181413550598474
18.147731252191793
18.32581538135051
18.28744987503247
18.359645498896775
18.242359904893817
18.07338842090652
18.278084711292028
18.37070430871508
18.436747089591726
18.2929528841483
18.311140513873887
18.28117446478741
18.17210566690491
18.278311957857824
18.30750436256038
18.141028853713035
18.208149111577907
18.294034012839354
18.084974466091985
18.151498099114296
18.167925302917407
18.399096986904635
18.290652778050685
18.353018483610285
18.28871005782724
18.26885742440587
18.37321720211394
18.36846481504782
18.411298629543193
18.26097733551742
18.201496161797014
18.26341947029617
18.099503634051086
18.12131692661633
18.288814795752522
18.21064869999022
18.073082852828414
18.096418247143777
18.156417748575972
18.12166143811787
17.99509594410646
17.997568333296478
17.84193636701994
17.938197052812203
17.991363312924705
18.01491412957204
18.234098135726814
18.178705191687925
18.315132543469286
18.086061916430005
18.09778164559062
18.09100024859516
18.210739051482374
18.03457913092027
18.01423646024748
17.97027744506029
18.06185457985903
18.0873776653241
18.115749425609657
18.10427702482199
18.099370205819948
18.110341289244303
17.9622170341243
18.048591006394737
18.089839838101216
17.9693884832805
18.045076690936025
18.103703635027266
18.221780284097935
18.253279412286727
18.24427532980796
18.257434570902337
18.212663218170945
18.293448301588317
18.25334802484636
18.241931885254093
18.27317536756579
18.241693232347867
18.23897589840919
18.170794292284967
18.16857238584138
18.293671848022488
18.32114145181955
18.15528922516483
18.242675216543834
18.13226028351435
18.180348918381643
18.062346387663577
18.327761338269195
18.250051201295914
18.32135936717781
18.19295252420393
18.21351425957895
18.19982059106201
18.1358800461633
18.11607997705617
18.193984466167375
18.264183114752843
18.384287319785834
18.40081589288052
18.249399339049432
18.337839903701376
18.289414355436016
18.207585652849133
18.20217864646951
18.38845435587994
18.404523609431823
18.31535048869186
18.262388720974233
18.28507119016041
18.21817914430689
18.24130105076077
18.11851907149449
18.138803058955485
18.10034637435163
18.135942411390293
18.289223444461616
18.168384972923842
18.140133609476703
18.224090597299437
18.10060451527857
18.267728691460917
18.148094157389068
18.312915365844482
18.316702876057253
18.45363302473662
18.427268865236222
18.32216260857898
18.393221654726528
18.303887621921024
18.119862563738124
18.135091477451887
18.24627428567716
18.18206788816736
18.26355999430735
18.234225711617984
18.1977223013534
18.14903104680414
18.207348957149488
18.142307357495877
18.06110872013117
17.969610052920398
18.02964357725098
18.249488784715684
18.084960560239892
18.20424417293565
18.12290133168111
18.264690800358757
18.258659048228036
18.14647913700811
18.130532189895828
18.218597410826863
18.320999165687045
18.141478919055398
18.161083169619072
18.26144887772214
18.25873664337072
18.212579610915135
18.191865135191133
18.08188842359536
18.17684407635518
18.213802942034373
18.29751928999574
18.22126768754196
18.14491397633645
18.183525502217616
18.13552858682037
18.23843742724329
18.2756806617438
18.289661852974195
18.12011900938845
18.288946843698827
18.208989062150287
18.10142496433043
18.13064404227494
17.99961017249575
18.132844806517745
18.29430639326547
18.055784388206927
18.197453025388892
18.191979951294815
17.9919114044383
18.047446347483145
18.012368623407454
18.120845685092892
18.08756964382351
18.093055929042926
18.120653290438312
18.156531078819576
18.292826616692377
18.02283351088188
18.1267878568225
18.159159539288332
18.004845271844296
18.18264157748541
18.069035486627904
18.01978412191813
18.149933730717606
18.04798364851486
18.186026374149268
18.044555496525938
18.142743771200905
18.09433053852035
17.929744855402536
17.986135859977306
17.98247726334204
18.0984438704482
17.927204336538384
17.954258866888207
17.873312183923467
18.03599261729139
17.952460332495452
18.02823193936259
17.95045258066463
17.945609128250695
18.057654795273898
18.0137310445132
17.988975803569733
17.99826110273388
18.01071000227757
18.076911852453634
18.249132270337306
18.125538190322697
18.18635496003322
18.204958484763893
18.265081226502964
18.13485116557319
18.077298161038772
17.992076777942216
18.090606780810962
18.134025015018015
18.259796061282465
18.11638976316809
18.157685642328932
18.09270468555691
18.185592943380772
18.136968650860542
18.18425590892331
18.17912803306754
18.216103870637124
18.103054597654044
18.14462156678896
18.20571464475954
18.231531815749452
18.142503950755454
18.197014273124676
18.35350895952527
18.363599953635706
18.28954233103703
18.232239774588045
18.237645212188504
18.353717667221073
18.21051681532318
18.201174117698105
18.200324452879798
18.26434159598126
18.40724932241407
18.36755467033888
18.33742707121676
18.32210705034305
18.34559051138514
18.289995336441027
18.274527443156256
18.295659606619772
18.36881229561318
18.260435552769756
18.2994777783005
18.337139483046
18.293934660814404
18.280454308841772
18.166112839886548
18.209158639959007
18.190008530021707
18.102126961446597
18.08877525560458
18.1176666004092
18.243629871347103
18.188715268500644
18.02587149727048
18.151514725070463
18.20741878091168
18.160568883734072
18.151206952041584
18.08170286385075
18.25852057697493
18.15145096736391
18.192710259865763
18.0601501928252
18.160943903292285
18.104202179047704
18.19387253938804
18.134472916123926
18.058014686782524
18.072055111475205
18.26901616669092
18.159110871662005
18.154154917009375
18.229529814563083
18.00165384982501
18.020495906719443
18.015071327574855
18.108090699552935
18.082983161335168
17.97601302789541
18.018499987836364
18.115713888354605
17.97205866258695
18.0491965448548
18.220466135099812
18.145726772721595
18.21236006156268
18.059831455961753
18.212544604185293
18.000330056175468
18.235157650603043
18.082792334406623
18.194088964295304
18.072534356644653
18.05713911935193
18.23574960977631
18.009712389997645
18.14957608983388
18.18629857662965
18.051234200029636
18.106405914123712
17.99678403417283
17.975887286262697
18.106575887410727
18.23339599739731
18.09970790242329
18.23936146919621
18.15846810034992
18.21267974033269
18.05793045837937
17.9972839024143
18.079864715650785
18.07681946185169
18.130101110112246
18.12143742852761
18.22202204517223
18.0146253311763
18.18435196994763
18.01661778506122
18.220509800609147
18.18582526957274
18.28997209240335
18.172533028185647
18.20438435757118
18.021062698410997
18.049943122515344
18.216782948820047
18.303804451850173
18.212108659529843
18.38170113078503
18.361483105792843
18.44158997845196
18.419001616437026
18.229048865365815
18.22419029143239
18.26066424900898
18.294923021376377
18.18801060234183
18.35610137478876
18.24428157882014
18.229249415322638
18.29409391564406
18.314552185537057
18.097462817585566
18.193548355996665
18.211436131571066
18.072719002404995
18.028145602214614
18.137345502510474
18.14913310586797
18.12458001191774
18.139473824227718
18.081081038260546
18.12479402923989
18.181891798582296
18.117843713868407
18.10547917800775
18.08337051490991
18.066235719720854
18.1003566171793
18.10642454499508
18.088216549995344
18.15578142006884
18.182047338357624
18.04347990924729
18.177756003055435
18.231657185835072
18.147064102974866
17.99875871481938
17.951894373898444
17.990393022570984
18.221724631552867
18.11601976374319
18.051395953220137
18.162044609476364
18.178907073526727
18.126676752244112
18.209021090324995
18.330005937710958
18.286495109462297
18.241511357224223
18.26939387027996
18.316017647352414
18.055308192478186
18.18391424265925
18.19819378634824
18.22147688776471
18.160696471308988
18.270516242799236
18.275688992999964
18.43718246099552
18.176131820726958
18.207465951581305
18.192716774148753
18.192049573140356
18.28717374457336
18.116323969470535
18.274810768658895
18.325072893690162
18.32026364936468
18.425417025645004
18.45873548535801
18.33362110635502
18.36298413030378
18.36443063297527
18.38256827497959
18.342785827706482
18.224484842290998
18.250695075217976
18.358180110981074
18.149207143294024
18.102833659101474
18.2125582401359
18.188049875700436
18.210988023249026
18.324171549622253
18.207453405657628
18.178831989469266
18.117496339895347
18.1124623008397
18.128934416136662
18.039828755520304
18.26800902345947
18.284044213259474
18.282173681458307
18.118974701770313
18.186001606302515
18.289597691243895
18.27651861678212
18.218430079079887
18.16842092819793
18.33154733033782
18.3108177766527
18.295028732503752
18.196798944011256
18.307082143972977
18.235031684914993
18.14687036547448
18.101917038346944
18.21779575915683
18.218728107950792
18.197306147774853
18.139978430394088
18.108576562796006
18.260493303974297
18.209571362339744
18.25067104715219
18.36243231011951
18.21271985240709
18.083819583001663
18.139128700054528
18.053763481332027
18.227212819045004
18.108141622655218
18.345313475854287
18.166484558352302
18.213369775956952
18.317549037332327
18.258928479176028
18.284182396369097
18.51219725997363
18.47875934368619
18.3368484938232
18.251131123291565
18.25482529437823
18.211112389542063
18.144748260204057
18.112726917482313
18.212083824551186
18.22292351762498
18.238750593748385
18.192994003078734
18.249568828351737
18.268271068301754
18.211459843894765
18.20214412507396
18.149619221550605
18.156878688124273
18.245268326866842
18.116685826184636
18.2288320283104
18.136064098499688
18.195932047121953
18.064180933786027
17.984146873807195
18.12388512657076
18.161800212753416
18.05709737896365
18.101423416705757
18.172181928483862
18.20348135541111
18.23650534348326
18.31985373614373
18.1913691328088
18.191990662388015
18.29424151359009
18.115563659458576
18.139522138254744
18.110623817000345
18.11079904900025
18.054248729595187
18.19929289579277
18.04410431892913
17.964527382462997
18.173243389352383
18.150045348687026
18.096982001657608
18.12273212619989
18.21645108473287
18.363542343629017
18.01314905974823
18.256828405094844
18.17051562113071
18.112886581635607
18.106020196325286
18.040460271752824
17.96562198069619
18.063213558119436
18.102008417493682
18.039173343480662
17.964239153535566
18.054250908329564
18.083613026784022
18.274360721464127
18.116062851384594
18.123356128289466
18.12880238736518
18.0887998429721
18.062873873134922
18.07293861873017
18.161289024355934
18.086172137201704
18.113219559386238
18.164606331577616
18.214384606732317
18.134887963320498
18.33827480183654
18.20814313145143
18.215408354816745
18.160392459656638
18.279342002926402
18.244586762055047
18.153843633333597
18.13917431985588
18.161870197027113
18.095822555989262
18.072936062789637
18.125959433449346
18.126122374882467
18.12859741349062
18.012563180728698
18.17684742412899
18.19417501479411
18.148992701479695
18.21937957727754
18.03347344425388
18.074997432592777
18.173373711436522
18.181827667701903
18.323184450338932
18.254018603956073
18.318190259683636
18.057905245931018
18.110569488635065
18.072549989770145
18.075681354238544
18.101556150833922
18.093066228324304
18.107374575711003
18.01562045785857
18.172330341608866
18.015234720537094
18.15421998591357
17.967427044741815
18.034620216099757
18.000421297291133
18.006908123486443
18.215306511702998
18.216692728556634
18.333143828956555
18.416223415124005
18.233627639676506
18.200434482469742
18.22940356358061
18.15393150006818
18.124710820315645
18.253524295881824
18.150043059654237
18.17150205849582
18.346270053525952
18.312672398410278
18.011823421219535
18.157554333271385
18.053600860213567
18.065179596054946
18.09525686431604
18.19999976157229
18.183799437654958
18.226420008817335
18.258407906965687
18.161830053823092
18.286322217811588
18.19414234382835
18.288817588578233
18.22622025835304
18.209356407714093
18.128845148602505
18.06213894170313
18.01655024291559
18.152647531501405
18.220025706208013
18.158111935201728
18.184575422912246
18.150962474844302
18.18577042150239
18.16851652474034
18.24947616250449
18.25478950869639
18.144274859302644
18.005030325664677
17.983292881146973
18.083070802413268
18.096968466676152
18.08778657315437
18.285609856660646
18.102354809175893
18.17151563955024
18.201561574103085
18.25010000621579
18.439995371662118
18.257050556409972
18.299834278653996
18.231100849069296
18.167702856865507
18.257986137047414
18.233891465027018
18.161814793256994
18.181032283968523
18.291059207890353
18.172130684527694
18.356281672915998
18.34449194419106
18.233031202420257
18.143248469961712
18.236210362699683
18.218116385489495
18.076642019846364
18.03324878960527
18.22516048102975
18.20156210150611
18.078372868843434
18.172544363706113
18.074269285005695
18.135892713168438
18.110690406241403
18.128743550581646
18.07436423705869
18.05615755917231
17.975476542990773
17.958339316275794
18.092724676096964
17.94037718754897
18.0775846910158
18.141335463118928
18.159142001145806
18.150116287514496
18.11771948765255
18.17649590391682
18.15673529599429
18.05062125487764
18.078437812016467
18.084098612401167
17.939377704182736
18.06164254201067
18.0644856400784
18.1695807095659
18.24718883250177
18.23026816143296
18.194870892710007
18.12327346473164
18.216123664585844
18.066689568402023
18.059909075535206
18.016919980005596
18.090436079285517
17.88838853830447
18.014043309700163
18.070773183767386
18.19355284973396
18.112464515094405
18.07928956878522
18.045996183314376
17.987588535042455
17.990353568613152
17.807057573823077
17.953980484273394
17.99911257933789
18.160601399978805
18.06101264069189
18.13253323689515
18.17641054510825
18.081408255301703
18.071607331173993
17.932720366085885
18.052873083177886
18.0467949201218
18.135500997409476
18.03258493672596
18.0105998218621
18.116260219250307
18.05964265226097
18.22322010826855
18.101433820031897
18.127792308543363
18.100892133520553
18.187312033195813
18.189572374058983
18.260539418277173
18.417315642438652
18.366208353610578
18.243069873030375
18.30199630380504
18.253384169425704
18.254339714754032
18.22840763722391
18.282571666605126
18.315504790096742
18.32419883569162
18.132934676018575
18.20129572310437
18.23605796665792
18.162330113643993
18.259398189556368
18.06765866754877
18.037258478196776
18.13285170206587
18.14738429176345
18.163268028683735
18.18776568005896
18.216356703176483
18.147291135702257
18.19197193057821
18.253781517455817
18.178336118088584
18.120478800004847
18.113520898510526
18.074921531015793
18.196740346090653
